0.0259723 0.0381643 0.0787911 0.208143 0.36474 0.156184 0.0387008 0.0180574 0.0712469 1
0.0268072 0.0409403 0.0812928 0.203936 0.352678 0.153429 0.0430803 0.0210986 0.0767385 1
0.0293963 0.0454373 0.0837433 0.196572 0.337921 0.152751 0.0459165 0.024411 0.0838518 1
0.0296495 0.046884 0.0843521 0.191846 0.334548 0.151581 0.0484604 0.0261984 0.08648 1
0.0279677 0.0433937 0.0824803 0.200931 0.345311 0.150134 0.0445662 0.0227865 0.0824291 1
0.0283505 0.042167 0.0822633 0.211293 0.356005 0.144016 0.0395206 0.0190158 0.0773685 1
0.0282721 0.041962 0.0811873 0.212237 0.365518 0.141348 0.0372812 0.0173038 0.0748909 1
0.026964 0.0390384 0.0771635 0.216779 0.384708 0.138521 0.0344449 0.0155044 0.0668764 1
0.0264275 0.0386375 0.0814284 0.207061 0.3569 0.156461 0.0403586 0.0191846 0.0735406 1
0.0270423 0.0414919 0.0823658 0.195551 0.346999 0.1587 0.0447199 0.0217165 0.0814134 1
0.0291281 0.0465676 0.085621 0.193308 0.330325 0.152823 0.0476707 0.0251224 0.0894338 1
0.0291311 0.0473 0.0841893 0.189643 0.33129 0.153094 0.0493013 0.0266837 0.0893675 1
0.0288026 0.046447 0.0837764 0.199047 0.338584 0.150689 0.0453318 0.0234887 0.0838337 1
0.0298394 0.0440357 0.0827396 0.206404 0.346692 0.147021 0.0409734 0.0207128 0.0815822 1
0.0294084 0.0440448 0.083472 0.209084 0.351339 0.144293 0.0400119 0.0193323 0.0790142 1
0.0287785 0.042601 0.080904 0.216562 0.358353 0.141499 0.0382216 0.0180845 0.0749964 1
0.0281907 0.0409945 0.0846806 0.200467 0.352087 0.155587 0.0416787 0.0188591 0.0774559 1
0.0295109 0.0433214 0.0858652 0.195635 0.337327 0.154059 0.0454343 0.0223796 0.086468 1
0.02996 0.0475743 0.0866729 0.184893 0.323245 0.155454 0.0505311 0.0264395 0.0952299 1
0.0313434 0.0502538 0.0883819 0.18281 0.315131 0.152962 0.0516131 0.0290859 0.0984188 1
0.0285343 0.0464802 0.0826341 0.190237 0.332453 0.15468 0.0489125 0.0259452 0.0901241 1
0.029321 0.0453288 0.0829385 0.196153 0.339774 0.152754 0.0453981 0.0231783 0.0851538 1
0.0289804 0.0440357 0.0818293 0.200274 0.348404 0.150285 0.0435595 0.0203993 0.0822332 1
0.029535 0.0439634 0.0822151 0.210365 0.354739 0.142714 0.0399095 0.0187627 0.0777965 1
0.0279888 0.0411965 0.0860731 0.197938 0.347979 0.154104 0.043888 0.0197754 0.0810577 1
0.0285313 0.0437494 0.0861244 0.188142 0.335922 0.156985 0.0480053 0.0232597 0.0892801 1
0.0308913 0.0488462 0.0875561 0.181315 0.32024 0.154378 0.0513389 0.026976 0.098458 1
0.0314339 0.0516583 0.0881679 0.178488 0.31171 0.152678 0.0537772 0.0298575 0.102229 1
0.0311807 0.0492411 0.0878695 0.183741 0.318486 0.153266 0.0501061 0.0273046 0.0988046 1
0.0299931 0.0466098 0.0866096 0.193359 0.328948 0.152365 0.0471734 0.0238354 0.0911067 1
0.0287423 0.0448284 0.0822603 0.199806 0.346146 0.150674 0.0435957 0.0210503 0.0828963 1
0.0291492 0.0417872 0.0807623 0.210588 0.35684 0.145619 0.0395327 0.0185969 0.0771243 1
0.0268464 0.0411181 0.0853648 0.191482 0.349374 0.155605 0.0471613 0.0204114 0.0826371 1
0.0294596 0.0454765 0.0885266 0.189721 0.3299 0.152124 0.0495545 0.0240735 0.0911639 1
0.0306683 0.0493737 0.089036 0.180188 0.315312 0.154032 0.0536868 0.0276391 0.100065 1
0.0314218 0.0506637 0.0884543 0.180453 0.314317 0.153685 0.0524541 0.0282872 0.100263 1
0.0314007 0.0487347 0.087547 0.186743 0.316479 0.153025 0.0495847 0.0270454 0.0994406 1
0.0305537 0.0452836 0.0861244 0.193218 0.327769 0.154951 0.0462993 0.0238263 0.0919747 1
0.0281756 0.0427879 0.0831254 0.201868 0.345914 0.151702 0.0431586 0.0202064 0.0830621 1
0.0277356 0.0403797 0.0807563 0.210398 0.357594 0.149076 0.0397497 0.0184341 0.0758765 1
0.0682991 0.094401 0.0816274 0.0773986 0.0917456 0.0786314 0.0782124 0.0832098 0.346475 2
0.0683413 0.0931623 0.0813591 0.0782245 0.0903471 0.0795416 0.0786947 0.0831826 0.347147 2
0.0687331 0.092885 0.0804609 0.0784264 0.0903652 0.0808015 0.0777241 0.0826401 0.347964 2
0.0699116 0.0938404 0.0787037 0.076416 0.0889064 0.0799817 0.0769827 0.0838156 0.351442 2
0.0703788 0.094829 0.0787429 0.0765185 0.0861997 0.0783782 0.0766722 0.0839904 0.35429 2
0.0704783 0.0947266 0.0801896 0.0755751 0.0853648 0.0772208 0.0769375 0.0831163 0.356391 2
0.0698935 0.0942473 0.0803946 0.0762924 0.0861214 0.0769977 0.0763889 0.0841381 0.355526 2
0.0684498 0.0931261 0.0821187 0.0784837 0.0926679 0.0798732 0.0778447 0.0825527 0.344883 2
0.0698664 0.0939037 0.0807834 0.0790835 0.0918722 0.0812355 0.0793095 0.0823447 0.341601 2
0.0698996 0.0931773 0.0805664 0.0777603 0.0878364 0.079403 0.0781069 0.0827365 0.350514 2
0.0701045 0.0939097 0.0790955 0.0760784 0.0863233 0.0781039 0.0758192 0.0843762 0.356189 2
0.0705808 0.0940665 0.0785108 0.0759277 0.0855216 0.0785771 0.0766933 0.0839452 0.356177 2
0.0711775 0.0950069 0.0775584 0.0737546 0.0837764 0.0771032 0.0756504 0.0852865 0.360686 2
0.0715513 0.0958297 0.0786585 0.0735587 0.0810095 0.0743634 0.0753942 0.085404 0.364231 2
0.0711323 0.094606 0.0800872 0.0757951 0.0857717 0.0775162 0.0773866 0.0842647 0.35344 2
0.0687181 0.092463 0.081555 0.0809612 0.0942835 0.0822211 0.0785349 0.0824321 0.338831 2
0.0706591 0.0927041 0.0810487 0.0799545 0.0919566 0.0812566 0.0786464 0.0827667 0.341007 2
0.0705898 0.0931532 0.0801324 0.0777844 0.0885537 0.0792945 0.0778899 0.0838397 0.348762 2
0.0689411 0.092469 0.0792884 0.0783571 0.0899613 0.0816635 0.0770399 0.0830741 0.349205 2
0.0709213 0.0947657 0.0774981 0.0747824 0.0861334 0.0780316 0.0763738 0.0844124 0.357081 2
0.0715784 0.0954017 0.0777 0.0733839 0.0834991 0.0761478 0.0755419 0.0849338 0.361813 2
0.0712228 0.0935541 0.079415 0.0765095 0.0846867 0.077905 0.077046 0.0851719 0.354489 2
0.0714639 0.0946361 0.0790594 0.0758222 0.0842376 0.0768621 0.0766903 0.0846113 0.356617 2
0.0699448 0.0928699 0.0813109 0.0798912 0.0917004 0.0822573 0.0781973 0.0827998 0.341028 2
0.0702251 0.0927975 0.0815279 0.0813109 0.0923635 0.0808437 0.0787369 0.0825135 0.339681 2
0.0690134 0.0933823 0.0809251 0.0797858 0.0901271 0.0799455 0.0782486 0.0826853 0.345887 2
0.0687512 0.09268 0.080054 0.0798732 0.0903531 0.0821337 0.0787248 0.0823538 0.345076 2
0.0689471 0.0943408 0.0799093 0.0771876 0.0894429 0.0814284 0.0771273 0.0833635 0.348253 2
0.0703366 0.094383 0.0784083 0.0762291 0.0869472 0.0792101 0.0767928 0.0840688 0.353624 2
0.0712258 0.0943649 0.0784957 0.0751833 0.084976 0.0773413 0.0767355 0.0846806 0.356997 2
0.0708852 0.0941358 0.0805363 0.0766059 0.0863233 0.0778447 0.0774438 0.0840145 0.352211 2
0.0702492 0.0934426 0.0817359 0.0785711 0.0922068 0.0800028 0.0791739 0.0835292 0.341089 2
0.068932 0.0926649 0.0823116 0.0796562 0.093117 0.0804247 0.0794361 0.0823357 0.341122 2
0.0685372 0.0928367 0.0813018 0.0794874 0.0917155 0.0822483 0.0799756 0.0818052 0.342092 2
0.0687211 0.0923002 0.0806267 0.0810245 0.0933431 0.0834087 0.0784777 0.0811753 0.340923 2
0.0692335 0.0930417 0.080485 0.0797466 0.0919717 0.0829415 0.0790775 0.0827516 0.340751 2
0.0701648 0.0933401 0.080051 0.0778718 0.089901 0.0827245 0.078553 0.0829114 0.344482 2
0.0703336 0.0939399 0.0797496 0.0771876 0.0880956 0.0802529 0.0784234 0.0833303 0.348687 2
0.0700714 0.0943197 0.0814073 0.077061 0.0885748 0.0791166 0.0789448 0.0828782 0.347626 2
0.0697368 0.0952088 0.0812868 0.0769766 0.0912724 0.0787097 0.0789629 0.0838879 0.343958 2
