0.0682991 0.094401 0.0816274 0.0773986 0.0917456 0.0786314 0.0782124 0.0832098 0.346475 2
0.0683413 0.0931623 0.0813591 0.0782245 0.0903471 0.0795416 0.0786947 0.0831826 0.347147 2
0.0687331 0.092885 0.0804609 0.0784264 0.0903652 0.0808015 0.0777241 0.0826401 0.347964 2
0.0699116 0.0938404 0.0787037 0.076416 0.0889064 0.0799817 0.0769827 0.0838156 0.351442 2
0.0703788 0.094829 0.0787429 0.0765185 0.0861997 0.0783782 0.0766722 0.0839904 0.35429 2
0.0704783 0.0947266 0.0801896 0.0755751 0.0853648 0.0772208 0.0769375 0.0831163 0.356391 2
0.0698935 0.0942473 0.0803946 0.0762924 0.0861214 0.0769977 0.0763889 0.0841381 0.355526 2
0.0684498 0.0931261 0.0821187 0.0784837 0.0926679 0.0798732 0.0778447 0.0825527 0.344883 2
0.0698664 0.0939037 0.0807834 0.0790835 0.0918722 0.0812355 0.0793095 0.0823447 0.341601 2
0.0698996 0.0931773 0.0805664 0.0777603 0.0878364 0.079403 0.0781069 0.0827365 0.350514 2
0.0701045 0.0939097 0.0790955 0.0760784 0.0863233 0.0781039 0.0758192 0.0843762 0.356189 2
0.0705808 0.0940665 0.0785108 0.0759277 0.0855216 0.0785771 0.0766933 0.0839452 0.356177 2
0.0711775 0.0950069 0.0775584 0.0737546 0.0837764 0.0771032 0.0756504 0.0852865 0.360686 2
0.0715513 0.0958297 0.0786585 0.0735587 0.0810095 0.0743634 0.0753942 0.085404 0.364231 2
0.0711323 0.094606 0.0800872 0.0757951 0.0857717 0.0775162 0.0773866 0.0842647 0.35344 2
0.0687181 0.092463 0.081555 0.0809612 0.0942835 0.0822211 0.0785349 0.0824321 0.338831 2
0.0706591 0.0927041 0.0810487 0.0799545 0.0919566 0.0812566 0.0786464 0.0827667 0.341007 2
0.0705898 0.0931532 0.0801324 0.0777844 0.0885537 0.0792945 0.0778899 0.0838397 0.348762 2
0.0689411 0.092469 0.0792884 0.0783571 0.0899613 0.0816635 0.0770399 0.0830741 0.349205 2
0.0709213 0.0947657 0.0774981 0.0747824 0.0861334 0.0780316 0.0763738 0.0844124 0.357081 2
0.0715784 0.0954017 0.0777 0.0733839 0.0834991 0.0761478 0.0755419 0.0849338 0.361813 2
0.0712228 0.0935541 0.079415 0.0765095 0.0846867 0.077905 0.077046 0.0851719 0.354489 2
0.0714639 0.0946361 0.0790594 0.0758222 0.0842376 0.0768621 0.0766903 0.0846113 0.356617 2
0.0699448 0.0928699 0.0813109 0.0798912 0.0917004 0.0822573 0.0781973 0.0827998 0.341028 2
0.0702251 0.0927975 0.0815279 0.0813109 0.0923635 0.0808437 0.0787369 0.0825135 0.339681 2
0.0690134 0.0933823 0.0809251 0.0797858 0.0901271 0.0799455 0.0782486 0.0826853 0.345887 2
0.0687512 0.09268 0.080054 0.0798732 0.0903531 0.0821337 0.0787248 0.0823538 0.345076 2
0.0689471 0.0943408 0.0799093 0.0771876 0.0894429 0.0814284 0.0771273 0.0833635 0.348253 2
0.0703366 0.094383 0.0784083 0.0762291 0.0869472 0.0792101 0.0767928 0.0840688 0.353624 2
0.0712258 0.0943649 0.0784957 0.0751833 0.084976 0.0773413 0.0767355 0.0846806 0.356997 2
0.0708852 0.0941358 0.0805363 0.0766059 0.0863233 0.0778447 0.0774438 0.0840145 0.352211 2
0.0702492 0.0934426 0.0817359 0.0785711 0.0922068 0.0800028 0.0791739 0.0835292 0.341089 2
0.068932 0.0926649 0.0823116 0.0796562 0.093117 0.0804247 0.0794361 0.0823357 0.341122 2
0.0685372 0.0928367 0.0813018 0.0794874 0.0917155 0.0822483 0.0799756 0.0818052 0.342092 2
0.0687211 0.0923002 0.0806267 0.0810245 0.0933431 0.0834087 0.0784777 0.0811753 0.340923 2
0.0692335 0.0930417 0.080485 0.0797466 0.0919717 0.0829415 0.0790775 0.0827516 0.340751 2
0.0701648 0.0933401 0.080051 0.0778718 0.089901 0.0827245 0.078553 0.0829114 0.344482 2
0.0703336 0.0939399 0.0797496 0.0771876 0.0880956 0.0802529 0.0784234 0.0833303 0.348687 2
0.0700714 0.0943197 0.0814073 0.077061 0.0885748 0.0791166 0.0789448 0.0828782 0.347626 2
0.0697368 0.0952088 0.0812868 0.0769766 0.0912724 0.0787097 0.0789629 0.0838879 0.343958 2
